市场	证券代码	日期	权息数据类别	前流通盘或派息金额	前总股本或配股价	后流通盘或送股数	后总股本或配售数
市场	证券代码	日期	权息数据类别	前流通盘或派息金额	前总股本或配股价	后流通盘或送股数	后总股本或配售数
市场	证券代码	日期	权息数据类别	前流通盘或派息金额	前总股本或配股价	后流通盘或送股数	后总股本或配售数
市场	证券代码	日期	权息数据类别	前流通盘或派息金额	前总股本或配股价	后流通盘或送股数	后总股本或配售数
0	002260	20080716	5	0.000000	12000.000000	2400.000000	12000.000000
0	002260	20081016	5	2400.000000	12000.000000	3000.000000	12000.000000
0	002260	20090601	1	1.000000	0.000000	3.000000	0.000000
0	002260	20090601	9	3000.000000	12000.000000	3900.000000	15600.000000
0	002260	20110718	5	3900.000000	15600.000000	15600.000000	15600.000000
0	002260	20120511	1	1.000000	0.000000	0.000000	0.000000
0	002260	20130510	1	1.000000	0.000000	0.000000	0.000000
0	002260	20130722	5	15600.000000	15600.000000	11753.662109	15600.000000
0	002260	20140528	1	1.000000	0.000000	0.000000	0.000000
0	002260	20140725	5	11753.662109	15600.000000	15600.000000	15600.000000
0	002260	20150326	1	0.200000	0.000000	7.000000	0.000000
0	002260	20150326	9	15600.000000	15600.000000	26520.000000	26520.000000
市场	证券代码	日期	权息数据类别	前流通盘或派息金额	前总股本或配股价	后流通盘或送股数	后总股本或配售数
0	300765	20190322	5	0.000000	0.000000	5000.000000	20000.000000
市场	证券代码	日期	权息数据类别	前流通盘或派息金额	前总股本或配股价	后流通盘或送股数	后总股本或配售数
0	000882	19980616	5	0.000000	0.000000	4050.000000	17800.000000
0	000882	19981217	5	4050.000000	17800.000000	4500.000000	17800.000000
0	000882	19990702	1	1.000000	0.000000	0.000000	0.000000
0	000882	20001024	1	0.000000	0.000000	4.000000	0.000000
0	000882	20001024	2	4500.000000	17800.000000	6300.000000	24920.000000
0	000882	20020626	1	0.500000	0.000000	0.000000	0.000000
0	000882	20060711	1	0.000000	0.000000	3.000000	0.000000
0	000882	20060711	5	6300.000000	24920.000000	8187.229980	24920.000000
0	000882	20070711	5	8187.229980	24920.000000	11925.952148	24920.000000
0	000882	20080721	5	11925.952148	24920.000000	15663.952148	24920.000000
0	000882	20090630	5	15663.952148	24920.000000	15665.317383	49385.050781
0	000882	20090715	5	15665.317383	49385.050781	15665.317383	49385.050781
0	000882	20090724	3	15665.317383	49385.050781	24919.318359	49385.050781
0	000882	20100716	1	1.500000	0.000000	0.000000	0.000000
0	000882	20101231	5	24919.318359	49385.050781	24919.453125	49385.050781
0	000882	20110114	5	24919.453125	49385.050781	24919.453125	74441.867188
0	000882	20110708	1	0.600000	0.000000	2.000000	0.000000
0	000882	20110708	9	24919.453125	74441.867188	29902.962891	89330.242188
0	000882	20120118	5	29902.962891	89330.242188	59971.363281	89330.242188
0	000882	20120711	1	0.700000	0.000000	2.000000	0.000000
0	000882	20120711	9	59971.363281	89330.242188	71966.031250	107196.289063
0	000882	20120720	5	71966.031250	107196.289063	107195.703125	107196.289063
0	000882	20130719	1	0.450000	0.000000	0.000000	0.000000
0	000882	20140123	5	107195.312500	107196.289063	107195.312500	222608.640625
0	000882	20140717	1	0.240000	0.000000	0.000000	0.000000
0	000882	20150123	5	107195.312500	222608.640625	188468.687500	222608.640625
0	000882	20150716	1	0.280000	0.000000	0.000000	0.000000
0	000882	20160519	1	0.640000	0.000000	0.000000	0.000000
0	000882	20161231	5	188468.687500	222608.640625	188468.500000	222608.640625
0	000882	20170428	5	188468.500000	222608.640625	188468.500000	248215.906250
0	000882	20170623	5	188468.500000	248215.906250	188469.671875	273735.187500
0	000882	20170630	5	188469.671875	273735.187500	188469.281250	273735.187500
0	000882	20170719	1	0.310000	0.000000	0.000000	0.000000
0	000882	20170823	5	188469.281250	273735.187500	222608.250000	273735.187500
0	000882	20180511	5	222608.250000	273735.187500	248215.515625	273735.187500
0	000882	20180710	1	0.030000	0.000000	0.000000	0.000000
0	000882	20190710	1	0.040000	0.000000	0.000000	0.000000
市场	证券代码	日期	权息数据类别	前流通盘或派息金额	前总股本或配股价	后流通盘或送股数	后总股本或配售数
市场	证券代码	日期	权息数据类别	前流通盘或派息金额	前总股本或配股价	后流通盘或送股数	后总股本或配售数
市场	证券代码	日期	权息数据类别	前流通盘或派息金额	前总股本或配股价	后流通盘或送股数	后总股本或配售数
0	000890	19990119	5	0.000000	0.000000	5400.000000	14400.000000
0	000890	19990319	5	5400.000000	14400.000000	6000.000000	14400.000000
0	000890	19990715	1	3.000000	0.000000	0.000000	0.000000
0	000890	20000907	1	0.000000	0.000000	4.000000	0.000000
0	000890	20000907	2	6000.000000	14400.000000	8400.000000	20160.000000
0	000890	20001213	1	0.000000	14.000000	0.000000	2.142860
0	000890	20010213	2	8400.000000	20160.000000	10200.000000	22464.000000
0	000890	20010622	1	1.000000	0.000000	3.000000	0.000000
0	000890	20010625	2	10200.000000	22464.000000	13260.000000	29203.199219
0	000890	20011105	2	13260.000000	29203.199219	16972.800781	29203.199219
0	000890	20020624	1	1.000000	0.000000	0.000000	0.000000
0	000890	20030818	1	1.000000	0.000000	0.000000	0.000000
0	000890	20040709	1	0.500000	0.000000	0.000000	0.000000
0	000890	20050809	1	0.500000	0.000000	0.000000	0.000000
0	000890	20060403	1	0.000000	0.000000	3.000000	0.000000
0	000890	20060403	5	16972.800781	29203.199219	22030.099609	29203.199219
0	000890	20060719	1	0.500000	0.000000	3.000000	0.000000
0	000890	20060719	9	22030.089844	29203.199219	28639.119141	37964.160156
0	000890	20070403	5	28639.119141	37964.160156	31071.429688	37964.160156
0	000890	20070630	5	31071.431641	37964.160156	31078.712891	37964.160156
0	000890	20071231	5	31078.712891	37964.160156	31092.175781	37964.160156
0	000890	20080528	5	31092.175781	37964.160156	33075.414063	37964.160156
0	000890	20080630	5	33075.414063	37964.160156	33073.917969	37964.160156
0	000890	20081231	5	33073.917969	37964.160156	33080.453125	37964.160156
0	000890	20090427	3	33080.453125	37964.160156	37943.925781	37964.160156
0	000890	20090630	5	37943.925781	37964.160156	37951.550781	37964.160156
0	000890	20100630	5	37951.550781	37964.160156	37950.957031	37964.160156
0	000890	20101231	5	37950.957031	37964.160156	37954.355469	37964.160156
0	000890	20110630	5	37954.355469	37964.160156	37953.175781	37964.160156
0	000890	20111231	5	37953.175781	37964.160156	37954.140625	37964.160156
0	000890	20120630	5	37954.140625	37964.160156	37954.328125	37964.160156
0	000890	20121024	1	0.200000	0.000000	0.000000	0.000000
0	000890	20130718	1	0.200000	0.000000	0.000000	0.000000
0	000890	20140612	1	0.200000	0.000000	0.000000	0.000000
0	000890	20140630	5	37954.328125	37964.160156	37953.878906	37964.160156
0	000890	20141231	5	37953.878906	37964.160156	37955.679688	37964.160156
0	000890	20151231	5	37955.679688	37964.160156	37956.570313	37964.160156
0	000890	20160615	1	0.100000	0.000000	0.000000	0.000000
0	000890	20160630	5	37956.570313	37964.160156	37955.589844	37964.160156
0	000890	20161231	5	37955.589844	37964.160156	37962.386719	37964.160156
0	000890	20170607	1	1.000000	0.000000	0.000000	0.000000
0	000890	20181231	5	37962.386719	37964.160156	37962.324219	37964.160156
0	000890	20190630	5	37962.324219	37964.160156	37962.460938	37964.160156
市场	证券代码	日期	权息数据类别	前流通盘或派息金额	前总股本或配股价	后流通盘或送股数	后总股本或配售数
市场	证券代码	日期	权息数据类别	前流通盘或派息金额	前总股本或配股价	后流通盘或送股数	后总股本或配售数
市场	证券代码	日期	权息数据类别	前流通盘或派息金额	前总股本或配股价	后流通盘或送股数	后总股本或配售数
市场	证券代码	日期	权息数据类别	前流通盘或派息金额	前总股本或配股价	后流通盘或送股数	后总股本或配售数
市场	证券代码	日期	权息数据类别	前流通盘或派息金额	前总股本或配股价	后流通盘或送股数	后总股本或配售数
市场	证券代码	日期	权息数据类别	前流通盘或派息金额	前总股本或配股价	后流通盘或送股数	后总股本或配售数
市场	证券代码	日期	权息数据类别	前流通盘或派息金额	前总股本或配股价	后流通盘或送股数	后总股本或配售数
市场	证券代码	日期	权息数据类别	前流通盘或派息金额	前总股本或配股价	后流通盘或送股数	后总股本或配售数
市场	证券代码	日期	权息数据类别	前流通盘或派息金额	前总股本或配股价	后流通盘或送股数	后总股本或配售数
市场	证券代码	日期	权息数据类别	前流通盘或派息金额	前总股本或配股价	后流通盘或送股数	后总股本或配售数
市场	证券代码	日期	权息数据类别	前流通盘或派息金额	前总股本或配股价	后流通盘或送股数	后总股本或配售数
